2.107170596718788147e-02
2.671026065945625305e-02
1.738027855753898621e-02
2.460143528878688812e-02
2.667681500315666199e-02
2.252827584743499756e-02
2.206431329250335693e-02
2.084606513381004333e-02
1.546902023255825043e-02
1.691391691565513611e-02
2.086989767849445343e-02
1.571069471538066864e-02
1.779431104660034180e-02
2.222785726189613342e-02
1.735556498169898987e-02
1.710189506411552429e-02
2.399846538901329041e-02
1.987075805664062500e-02
2.458966337144374847e-02
3.524976223707199097e-02
3.542594239115715027e-02
3.782860934734344482e-02
3.752459213137626648e-02
2.933774515986442566e-02
2.888121455907821655e-02
3.520442545413970947e-02
3.128002211451530457e-02
3.380784764885902405e-02
4.508861154317855835e-02
5.277558416128158569e-02
6.251208484172821045e-02
1.041001677513122559e-01
9.201388061046600342e-02
1.010737270116806030e-01
1.181741580367088318e-01
9.623299539089202881e-02
1.087388619780540466e-01
1.171679198741912842e-01
1.067299172282218933e-01
1.079451069235801697e-01
9.686364233493804932e-02
8.223292231559753418e-02
8.758454769849777222e-02
9.427414834499359131e-02
7.211522012948989868e-02
6.837195903062820435e-02
6.639276444911956787e-02
4.788261651992797852e-02
5.408605188131332397e-02
6.440097093582153320e-02
6.031680107116699219e-02
5.778088420629501343e-02
6.281796097755432129e-02
6.271773576736450195e-02
7.426317781209945679e-02
9.868988394737243652e-02
6.313656270503997803e-02
6.499107927083969116e-02
6.901450455188751221e-02
5.885032564401626587e-02
7.282547652721405029e-02
8.267069607973098755e-02
5.939791351556777954e-02
6.725712120532989502e-02
7.908850908279418945e-02
8.013746142387390137e-02
8.441361039876937866e-02
7.950796186923980713e-02
5.572455376386642456e-02
4.893790557980537415e-02
5.274191498756408691e-02
