1.804500818252563477e-01
6.183434650301933289e-02
4.984275624155998230e-02
5.662933364510536194e-02
6.016802042722702026e-02
5.772432684898376465e-02
5.741990357637405396e-02
5.542943626642227173e-02
4.837953299283981323e-02
5.490549281239509583e-02
6.096393615007400513e-02
5.338173359632492065e-02
5.164225399494171143e-02
5.162691324949264526e-02
4.466407746076583862e-02
4.727109149098396301e-02
5.603463575243949890e-02
5.201622843742370605e-02
5.378220230340957642e-02
6.271146237850189209e-02
5.956038460135459900e-02
6.346109509468078613e-02
6.695628166198730469e-02
6.323758512735366821e-02
6.434929370880126953e-02
6.635355949401855469e-02
6.087364628911018372e-02
6.131383404135704041e-02
6.807442754507064819e-02
6.569351255893707275e-02
6.623242050409317017e-02
8.866101503372192383e-02
7.621714472770690918e-02
8.174322545528411865e-02
1.003396660089492798e-01
7.886855304241180420e-02
8.561209589242935181e-02
9.150698781013488770e-02
7.384134083986282349e-02
7.569503784179687500e-02
7.949991524219512939e-02
7.237116992473602295e-02
7.903380692005157471e-02
8.296042680740356445e-02
7.070016860961914062e-02
7.933754473924636841e-02
8.860655874013900757e-02
7.665579020977020264e-02
8.146265149116516113e-02
8.686642348766326904e-02
8.256995677947998047e-02
8.528590947389602661e-02
8.841201663017272949e-02
7.572999596595764160e-02
6.490748375654220581e-02
8.545869588851928711e-02
6.798554956912994385e-02
8.233442902565002441e-02
9.391852468252182007e-02
7.683924585580825806e-02
7.976708561182022095e-02
9.152249991893768311e-02
7.550937682390213013e-02
8.278977125883102417e-02
8.982703089714050293e-02
8.281934261322021484e-02
8.570204675197601318e-02
8.870840072631835938e-02
7.751955837011337280e-02
8.231156319379806519e-02
9.494441747665405273e-02
